BANK_PATTERN_0:
0, 0, 0, 0, 0, 0, 0, 0
0, 0, 0, 0, 0, 0, 0, 0
0, 0, 0, 0, 0, 0, 0, 0
0, 0, 0, 0, 0, 0, 0, 0
0, 0, 0, 0, 0, 0, 0, 0
0, 0, 0, 0, 0, 0, 0, 0
0, 0, 0, 0, 0, 0, 0, 0
0, 0, 0, 0, 0, 0, 0, 0
0, 0, 0, 0, 0, 0, 0, 0
0, 0, 0, 0, 0, 0, 0, 0
0, 0, 0, 0, 0, 0, 0, 128
0, 0, 0, 0, 0, 0, 0, 0
0, 0, 0, 0, 0, 0, 0, 0
0, 0, 0, 0, 0, 0, 0, 0
0, 0, 0, 0, 0, 0, 0, 0
0, 0, 0, 0, 0, 0, 0, 0
0, 0, 0, 0, 0, 0, 0, 0
0, 0, 0, 0, 0, 0, 0, 0
0, 0, 0, 0, 0, 0, 0, 0
0, 0, 0, 0, 0, 0, 0, 0
0, 0, 0, 0, 0, 0, 0, 0
0, 0, 0, 0, 0, 0, 0, 4
0, 0, 0, 0, 0, 0, 0, 0
0, 0, 0, 0, 0, 0, 0, 0
0, 0, 0, 0, 0, 0, 0, 0
0, 0, 0, 0, 0, 0, 0, 0
0, 0, 0, 0, 0, 0, 0, 0
0, 0, 0, 0, 0, 0, 0, 0
0, 0, 0, 0, 0, 0, 0, 0
0, 0, 0, 0, 0, 0, 0, 0
0, 0, 0, 0, 0, 0, 0, 0
0, 0, 0, 0, 0, 0, 0, 0
0, 0, 0, 0, 0, 0, 0, 0
0, 0, 0, 0, 0, 0, 0, 0
0, 0, 0, 0, 0, 0, 0, 0
0, 0, 0, 0, 0, 0, 0, 0
0, 0, 0, 0, 0, 0, 0, 0
0, 0, 0, 0, 1, 1, 1, 1
0, 0, 0, 0, 3, 3, 3, 3
0, 0, 0, 0, 248, 15, 240, 240
0, 0, 0, 0, 224, 224, 240, 240
1, 1, 1, 0, 193, 192, 129, 129
0, 0, 0, 0, 0, 0, 0, 0
0, 0, 0, 0, 0, 0, 0, 0
0, 0, 0, 0, 0, 0, 0, 0
0, 0, 0, 0, 0, 0, 0, 0
0, 0, 0, 0, 0, 0, 0, 0
0, 0, 0, 0, 0, 0, 0, 0
0, 0, 0, 0, 0, 0, 0, 0
0, 0, 0, 0, 0, 0, 0, 0
0, 0, 0, 0, 0, 0, 0, 0
0, 0, 0, 0, 0, 0, 0, 0
0, 0, 0, 0, 0, 0, 0, 0
0, 0, 0, 0, 0, 0, 0, 0
0, 0, 0, 0, 15, 240, 3, 3
0, 0, 0, 0, 224, 31, 192, 224
0, 0, 0, 0, 240, 192, 240, 240
0, 0, 0, 0, 131, 199, 131, 129
0, 0, 0, 0, 0, 0, 0, 0
0, 0, 0, 0, 0, 0, 0, 0
0, 0, 0, 0, 0, 0, 0, 0
0, 0, 0, 0, 0, 0, 0, 0
0, 0, 0, 0, 0, 0, 0, 0
0, 0, 0, 0, 0, 0, 0, 0
0, 0, 0, 0, 0, 0, 0, 0
0, 0, 0, 0, 0, 0, 0, 0
0, 0, 0, 0, 0, 0, 0, 0
0, 0, 0, 0, 0, 0, 0, 0
0, 0, 0, 0, 0, 0, 0, 0
7, 7, 7, 7, 240, 224, 224, 224
15, 15, 240, 240, 240, 240, 240, 240
224, 224, 224, 224, 128, 128, 128, 128
240, 192, 192, 192, 195, 131, 195, 131
129, 129, 129, 1, 1, 1, 1, 1
0, 0, 0, 0, 0, 0, 0, 0
0, 0, 0, 0, 0, 0, 0, 0
0, 0, 0, 0, 0, 0, 0, 0
0, 0, 0, 0, 0, 0, 0, 0
0, 0, 0, 0, 0, 0, 0, 0
56, 104, 197, 133, 5, 12, 12, 8
224, 129, 130, 132, 140, 216, 240, 112
195, 34, 36, 52, 201, 201, 35, 156
135, 13, 8, 16, 32, 64, 129, 129
28, 152, 144, 144, 209, 153, 97, 142
28, 52, 96, 194, 130, 6, 6, 12
0, 0, 0, 0, 0, 0, 0, 0
3, 3, 3, 3, 1, 1, 1, 1
240, 7, 15, 15, 15, 15, 3, 3
240, 240, 31, 15, 3, 3, 3, 7
193, 193, 192, 192, 192, 224, 240, 240
128, 128, 128, 192, 160, 96, 96, 240
0, 0, 0, 0, 0, 0, 0, 0
0, 0, 0, 0, 0, 0, 0, 0
0, 0, 0, 0, 0, 0, 0, 0
0, 0, 0, 0, 0, 0, 0, 0
0, 0, 0, 0, 0, 0, 0, 0
0, 0, 0, 0, 0, 0, 0, 0
0, 0, 0, 0, 0, 0, 0, 0
0, 0, 0, 0, 0, 0, 0, 0
0, 0, 0, 0, 0, 0, 0, 0
0, 0, 0, 0, 0, 0, 0, 1
192, 192, 192, 128, 0, 0, 0, 0
224, 224, 225, 225, 129, 129, 129, 135
128, 0, 0, 1, 3, 3, 1, 1
7, 3, 7, 7, 7, 7, 7, 224
1, 1, 1, 1, 1, 1, 1, 1
0, 0, 0, 0, 0, 0, 0, 0
0, 0, 0, 0, 0, 0, 0, 0
0, 0, 0, 0, 0, 0, 0, 0
0, 0, 0, 0, 0, 0, 0, 0
0, 0, 0, 0, 0, 0, 0, 0
0, 0, 0, 0, 0, 0, 0, 0
0, 0, 0, 0, 0, 0, 0, 0
0, 0, 0, 0, 0, 0, 0, 0
0, 0, 0, 0, 0, 0, 0, 0
0, 0, 0, 0, 0, 0, 0, 0
0, 0, 0, 0, 0, 0, 0, 0
0, 0, 0, 0, 0, 0, 0, 0
0, 0, 0, 0, 0, 0, 0, 0
3, 131, 195, 193, 195, 225, 224, 224
7, 3, 1, 1, 1, 1, 1, 0
240, 240, 240, 7, 3, 3, 7, 135
31, 31, 31, 31, 15, 15, 15, 7
0, 0, 0, 0, 0, 0, 0, 0
0, 0, 0, 0, 0, 0, 0, 0
0, 0, 0, 0, 0, 0, 0, 0
0, 0, 0, 0, 0, 0, 0, 0
0, 0, 0, 0, 0, 0, 0, 0
0, 0, 0, 0, 0, 0, 0, 0
0, 0, 0, 0, 0, 0, 0, 0
0, 0, 0, 0, 0, 0, 0, 0
0, 0, 0, 0, 0, 0, 0, 0
3, 3, 3, 3, 3, 1, 3, 1
0, 1, 1, 225, 240, 2, 16, 32
135, 7, 7, 128, 0, 0, 135, 0
1, 7, 7, 0, 0, 128, 28, 0
224, 224, 224, 0, 0, 134, 32, 0
1, 1, 0, 0, 0, 1, 14, 0
0, 156, 120, 0, 0, 128, 224, 0
0, 1, 1, 0, 12, 12, 64, 0
0, 240, 224, 0, 0, 1, 135, 0
0, 0, 0, 0, 0, 144, 3, 0
0, 240, 240, 0, 0, 1, 7, 0
0, 128, 128, 0, 0, 1, 64, 0
0, 1, 1, 0, 0, 129, 28, 0
0, 15, 15, 0, 0, 0, 192, 0
0, 0, 0, 0, 0, 16, 14, 0
0, 240, 7, 0, 0, 32, 28, 0
0, 192, 192, 0, 1, 129, 112, 0
25, 28, 131, 0, 128, 64, 240, 0
0, 0, 0, 0, 0, 18, 128, 0
224, 224, 224, 0, 0, 0, 128, 0
0, 128, 192, 128, 16, 56, 1, 0
135, 135, 129, 0, 0, 16, 195, 0
3, 3, 3, 2, 6, 7, 6, 120
0, 0, 0, 0, 0, 0, 0, 0
0, 0, 0, 0, 0, 0, 0, 0
0, 0, 0, 0, 0, 0, 0, 0
0, 0, 0, 0, 0, 0, 0, 0
0, 0, 0, 0, 0, 0, 0, 0
0, 0, 0, 0, 0, 0, 0, 0
0, 0, 0, 0, 0, 0, 0, 0
0, 0, 0, 0, 0, 0, 0, 0
0, 0, 0, 0, 0, 0, 0, 0
0, 0, 0, 0, 0, 0, 0, 0
198, 224, 7, 0, 0, 0, 0, 0
76, 76, 129, 0, 0, 0, 0, 0
228, 192, 192, 224, 224, 224, 224, 224
156, 48, 120, 192, 192, 192, 192, 192
50, 224, 15, 3, 1, 3, 3, 3
152, 62, 163, 128, 128, 128, 128, 128
49, 24, 0, 0, 0, 0, 0, 0
204, 76, 1, 0, 0, 0, 0, 0
4, 131, 3, 0, 0, 3, 7, 7
25, 193, 192, 0, 0, 0, 0, 0
48, 3, 240, 0, 0, 0, 0, 1
76, 193, 28, 0, 0, 0, 0, 0
156, 120, 135, 0, 0, 3, 14, 0
6, 48, 112, 112, 192, 0, 0, 0
12, 64, 0, 0, 0, 0, 0, 0
25, 131, 112, 112, 24, 6, 3, 0
38, 31, 240, 0, 0, 0, 0, 0
96, 240, 192, 0, 0, 0, 0, 15
156, 120, 248, 7, 7, 7, 7, 7
198, 35, 240, 224, 224, 224, 224, 224
178, 24, 195, 0, 0, 0, 0, 0
14, 1, 48, 0, 0, 0, 0, 0
0, 0, 0, 0, 0, 0, 0, 0
0, 0, 0, 0, 0, 0, 0, 0
0, 0, 0, 0, 0, 0, 0, 0
0, 0, 0, 0, 0, 0, 0, 0
0, 0, 0, 0, 0, 0, 0, 0
0, 0, 0, 0, 0, 0, 0, 0
0, 0, 0, 0, 0, 0, 0, 0
0, 0, 0, 0, 0, 0, 0, 0
0, 0, 0, 0, 0, 0, 0, 0
0, 0, 0, 0, 0, 0, 0, 0
0, 0, 0, 0, 0, 0, 0, 0
0, 0, 0, 0, 0, 0, 0, 0
27, 15, 27, 19, 14, 7, 225, 228
192, 192, 192, 192, 192, 64, 64, 192
3, 3, 3, 1, 48, 124, 124, 55
128, 128, 128, 131, 24, 4, 4, 4
0, 0, 0, 0, 0, 0, 0, 0
0, 0, 0, 0, 0, 0, 0, 0
3, 3, 3, 3, 112, 128, 112, 96
0, 0, 0, 128, 224, 224, 224, 224
1, 1, 1, 1, 1, 1, 1, 1
128, 112, 112, 112, 143, 143, 112, 112
0, 0, 0, 0, 96, 0, 224, 48
0, 0, 0, 0, 0, 0, 0, 0
0, 0, 0, 0, 0, 0, 0, 0
0, 0, 0, 0, 0, 0, 0, 0
0, 0, 0, 0, 0, 0, 0, 0
3, 195, 28, 28, 28, 28, 28, 28
15, 15, 3, 11, 15, 3, 6, 15
224, 224, 224, 224, 224, 224, 208, 96
0, 0, 0, 0, 0, 0, 0, 0
0, 0, 0, 0, 0, 0, 0, 0
0, 0, 0, 0, 0, 0, 0, 0
0, 0, 0, 0, 0, 0, 0, 0
0, 0, 0, 0, 0, 0, 0, 0
0, 0, 0, 0, 0, 0, 0, 0
0, 0, 0, 0, 0, 0, 0, 0
0, 0, 0, 0, 0, 0, 0, 0
0, 0, 0, 0, 0, 0, 0, 0
0, 0, 0, 0, 0, 0, 0, 0
0, 0, 0, 0, 0, 0, 0, 0
0, 0, 0, 0, 0, 0, 0, 0
0, 0, 0, 0, 0, 0, 0, 0
0, 0, 0, 0, 0, 0, 0, 0
15, 27, 19, 14, 7, 25, 224, 19
64, 192, 192, 192, 64, 64, 64, 192
100, 24, 225, 236, 204, 3, 3, 14
124, 216, 240, 240, 112, 24, 24, 24
0, 0, 0, 0, 0, 0, 0, 0
0, 2, 7, 14, 14, 4, 240, 240
144, 96, 146, 147, 3, 143, 3, 96
120, 56, 248, 3, 3, 3, 3, 3
1, 1, 1, 1, 1, 1, 0, 0
112, 112, 112, 112, 128, 128, 0, 0
48, 224, 0, 0, 0, 0, 0, 0
0, 0, 0, 0, 0, 0, 0, 0
0, 0, 0, 0, 0, 0, 0, 0
0, 0, 0, 0, 0, 0, 0, 0
0, 0, 0, 0, 0, 0, 0, 0
28, 28, 28, 195, 3, 7, 0, 0
3, 7, 7, 11, 3, 7, 7, 3
224, 224, 224, 224, 224, 208, 224, 224
0, 0, 0, 0, 0, 0, 0, 0
0, 0, 0, 0, 0, 0, 0, 0
0, 0, 0, 0, 0, 0, 0, 0
0, 0, 0, 0, 0, 0, 0, 0
0, 0, 0, 0, 0, 0, 0, 0
0, 0, 0, 0, 0, 0, 0, 0
0, 0, 0, 0, 0, 0, 0, 0



BANK_PATTERN_1:
0, 0, 0, 0, 0, 0, 0, 0
0, 0, 0, 0, 0, 0, 0, 0
0, 0, 0, 0, 0, 0, 0, 0
0, 0, 0, 0, 0, 0, 0, 0
0, 0, 0, 0, 0, 0, 0, 0
0, 0, 0, 0, 0, 0, 0, 0
0, 0, 0, 0, 0, 0, 0, 0
19, 228, 228, 27, 14, 7, 7, 14
192, 64, 192, 192, 192, 64, 64, 192
7, 48, 12, 252, 19, 236, 224, 224
24, 24, 24, 131, 111, 15, 15, 7
0, 0, 0, 0, 0, 0, 0, 0
7, 15, 3, 7, 14, 3, 7, 7
0, 114, 2, 1, 131, 135, 7, 23
0, 0, 0, 192, 192, 192, 192, 192
0, 0, 0, 0, 0, 0, 0, 0
0, 0, 0, 0, 0, 0, 0, 0
0, 0, 0, 0, 0, 0, 0, 0
0, 0, 0, 0, 0, 0, 0, 0
0, 0, 0, 0, 0, 0, 0, 0
0, 0, 0, 0, 0, 0, 0, 0
0, 0, 0, 0, 0, 0, 0, 0
0, 0, 0, 0, 0, 0, 0, 0
11, 6, 11, 11, 6, 11, 11, 3
224, 224, 224, 176, 240, 224, 224, 224
0, 0, 0, 0, 0, 0, 0, 0
0, 0, 0, 0, 0, 0, 0, 0
0, 0, 0, 0, 0, 0, 0, 0
0, 0, 0, 0, 0, 0, 0, 0
0, 0, 0, 0, 0, 0, 0, 0
0, 0, 0, 0, 0, 0, 0, 0
0, 0, 0, 0, 0, 0, 0, 0
0, 0, 0, 0, 0, 0, 0, 0
0, 0, 0, 0, 0, 0, 0, 0
0, 0, 0, 0, 0, 0, 0, 0
0, 0, 0, 0, 0, 0, 0, 0
0, 0, 0, 0, 0, 0, 0, 0
0, 0, 0, 0, 0, 0, 0, 0
0, 0, 0, 0, 0, 0, 0, 0
228, 224, 19, 14, 7, 28, 228, 14
192, 192, 192, 192, 64, 64, 192, 64
128, 0, 0, 0, 0, 0, 0, 0
3, 0, 0, 0, 0, 0, 0, 0
0, 0, 0, 0, 1, 1, 1, 3
7, 7, 200, 231, 13, 198, 224, 240
7, 0, 1, 1, 3, 135, 147, 112
192, 192, 192, 192, 192, 97, 130, 131
0, 192, 15, 1, 225, 55, 7, 6
0, 0, 0, 0, 128, 128, 128, 192
0, 0, 0, 0, 0, 0, 0, 0
0, 0, 0, 0, 0, 0, 0, 0
0, 0, 0, 0, 0, 0, 0, 0
0, 0, 0, 0, 0, 0, 0, 0
0, 0, 0, 0, 0, 0, 0, 0
0, 0, 0, 0, 0, 0, 0, 0
15, 11, 11, 15, 3, 6, 15, 3
224, 224, 224, 224, 224, 208, 96, 224
0, 0, 0, 0, 0, 0, 0, 0
0, 0, 0, 0, 0, 0, 0, 0
0, 0, 0, 0, 0, 0, 0, 0
0, 0, 0, 0, 0, 0, 0, 0
0, 0, 0, 0, 0, 0, 0, 0
0, 0, 0, 0, 0, 0, 0, 0
0, 0, 0, 0, 0, 0, 0, 0
0, 0, 0, 0, 0, 0, 0, 0
0, 0, 0, 0, 0, 0, 0, 0
0, 0, 0, 0, 0, 0, 0, 0
0, 0, 0, 0, 0, 0, 0, 0
0, 0, 0, 0, 0, 0, 0, 0
0, 0, 0, 0, 0, 0, 0, 0
0, 0, 0, 0, 0, 0, 0, 0
27, 19, 14, 7, 25, 224, 19, 19
192, 192, 192, 64, 64, 64, 192, 192
0, 0, 0, 0, 0, 0, 0, 0
0, 0, 0, 0, 0, 0, 0, 0
6, 31, 225, 209, 22, 48, 134, 192
112, 43, 193, 193, 193, 128, 12, 31
112, 4, 0, 0, 128, 162, 192, 33
7, 3, 15, 7, 15, 224, 0, 192
6, 1, 64, 129, 224, 7, 7, 1
160, 96, 112, 143, 131, 30, 193, 6
0, 0, 0, 0, 0, 0, 0, 0
0, 0, 0, 0, 0, 0, 0, 0
0, 0, 0, 0, 0, 0, 0, 0
0, 0, 0, 0, 0, 0, 0, 0
0, 0, 0, 0, 0, 0, 0, 0
0, 0, 0, 0, 0, 0, 0, 0
7, 7, 11, 3, 7, 7, 3, 11
224, 224, 224, 224, 208, 224, 224, 224
0, 0, 0, 0, 0, 0, 0, 0
0, 0, 0, 0, 0, 0, 0, 0
0, 0, 0, 0, 0, 0, 0, 0
0, 0, 0, 0, 0, 0, 0, 0
0, 0, 0, 0, 0, 0, 0, 0
0, 0, 0, 0, 0, 0, 0, 0
0, 0, 0, 0, 0, 0, 0, 0
0, 0, 0, 0, 0, 0, 0, 0
0, 0, 0, 0, 0, 0, 0, 0
0, 0, 0, 0, 0, 0, 0, 0
0, 0, 0, 0, 0, 0, 0, 0
0, 0, 0, 0, 0, 0, 0, 0
0, 0, 0, 0, 0, 0, 0, 0
0, 0, 0, 0, 0, 0, 0, 0
228, 228, 27, 15, 7, 7, 14, 228
64, 192, 192, 192, 64, 64, 192, 192
0, 0, 0, 0, 0, 0, 0, 0
3, 3, 3, 7, 240, 224, 12, 60
240, 224, 224, 248, 196, 224, 224, 224
15, 15, 15, 15, 15, 15, 7, 3
0, 112, 224, 144, 128, 128, 0, 3
240, 15, 7, 7, 13, 192, 196, 224
0, 0, 0, 7, 6, 1, 1, 1
48, 28, 225, 224, 15, 112, 112, 92
128, 192, 224, 224, 120, 28, 192, 6
0, 0, 0, 0, 0, 0, 0, 0
0, 0, 0, 0, 0, 0, 0, 0
7, 15, 15, 14, 1, 14, 224, 27
0, 192, 48, 224, 224, 112, 56, 24
0, 0, 0, 0, 0, 0, 0, 0
7, 11, 13, 3, 11, 15, 3, 11
224, 224, 224, 224, 96, 208, 224, 224
0, 0, 0, 0, 0, 0, 0, 0
0, 0, 0, 0, 0, 0, 0, 0
0, 0, 0, 0, 0, 0, 0, 0
0, 0, 0, 0, 0, 0, 0, 0
0, 0, 0, 0, 0, 0, 0, 0
0, 0, 0, 0, 0, 0, 0, 0
0, 0, 0, 0, 0, 0, 0, 0
0, 0, 0, 0, 0, 0, 0, 0
0, 0, 0, 0, 0, 0, 0, 0
0, 0, 0, 0, 0, 0, 0, 0
0, 0, 0, 0, 0, 0, 0, 0
0, 0, 0, 0, 0, 0, 0, 0
0, 0, 0, 0, 1, 1, 7, 6
7, 240, 240, 240, 224, 224, 128, 128
224, 14, 14, 7, 31, 224, 14, 225
56, 0, 0, 192, 128, 0, 195, 1
1, 1, 3, 3, 195, 13, 2, 1
131, 224, 240, 15, 96, 0, 0, 192
192, 0, 0, 0, 0, 0, 0, 0
1, 0, 0, 0, 0, 0, 7, 240
3, 0, 0, 0, 0, 131, 3, 240
192, 0, 0, 0, 0, 224, 97, 133
1, 0, 0, 0, 0, 128, 240, 96
67, 67, 3, 145, 19, 96, 224, 0
228, 120, 120, 7, 7, 15, 7, 15
0, 192, 240, 224, 200, 129, 28, 6
0, 0, 0, 0, 0, 0, 0, 0
36, 145, 100, 100, 145, 201, 102, 102
98, 6, 6, 6, 6, 198, 56, 7
0, 0, 0, 0, 0, 0, 0, 0
15, 3, 3, 7, 7, 15, 3, 7
240, 128, 192, 224, 192, 192, 224, 0
240, 15, 7, 3, 1, 1, 0, 0
0, 0, 0, 0, 0, 128, 128, 160
0, 0, 0, 0, 0, 0, 0, 0
0, 0, 0, 0, 0, 0, 0, 0
0, 0, 0, 0, 0, 0, 0, 0
0, 0, 0, 0, 0, 0, 0, 0
0, 0, 0, 0, 0, 0, 0, 0
0, 0, 0, 0, 0, 0, 0, 0
0, 0, 0, 0, 0, 0, 0, 0
0, 0, 0, 0, 0, 0, 0, 0
0, 0, 0, 0, 0, 0, 0, 0
0, 0, 0, 0, 0, 0, 3, 3
14, 24, 199, 240, 240, 240, 192, 192
0, 0, 0, 0, 0, 0, 0, 0
0, 0, 0, 0, 0, 0, 0, 0
3, 0, 0, 0, 0, 0, 0, 0
6, 31, 192, 0, 0, 0, 0, 0
224, 224, 96, 96, 0, 0, 0, 0
0, 1, 3, 7, 7, 3, 1, 0
160, 129, 3, 193, 49, 177, 0, 0
195, 3, 3, 241, 50, 128, 0, 0
7, 36, 49, 224, 39, 6, 6, 0
192, 192, 128, 0, 0, 0, 0, 0
0, 0, 0, 0, 0, 0, 0, 0
3, 0, 0, 0, 0, 0, 0, 0
134, 0, 0, 0, 0, 0, 0, 0
0, 0, 0, 0, 0, 0, 0, 0
102, 129, 100, 129, 120, 24, 240, 7
7, 7, 7, 6, 31, 28, 15, 240
0, 0, 0, 0, 0, 0, 0, 0
0, 0, 0, 0, 0, 0, 0, 0
0, 0, 0, 0, 0, 0, 0, 0
0, 0, 0, 0, 0, 0, 0, 0
224, 240, 15, 3, 3, 3, 1, 1
0, 0, 0, 0, 0, 0, 0, 0
0, 0, 0, 0, 0, 0, 0, 0
0, 0, 0, 0, 0, 0, 0, 0
0, 0, 0, 0, 0, 0, 0, 0
0, 0, 0, 0, 0, 0, 0, 0
0, 0, 0, 0, 0, 0, 0, 0
0, 0, 0, 0, 0, 0, 0, 0
0, 0, 0, 0, 0, 0, 0, 0
0, 0, 0, 0, 0, 0, 0, 0
3, 3, 3, 3, 1, 0, 0, 0
248, 240, 6, 16, 32, 198, 196, 7
0, 0, 0, 131, 0, 76, 1, 0
0, 0, 128, 28, 0, 228, 128, 224
0, 0, 193, 56, 0, 153, 193, 192
0, 0, 2, 142, 0, 50, 130, 0
0, 6, 6, 224, 0, 152, 12, 0
0, 0, 0, 193, 0, 38, 0, 3
0, 0, 72, 1, 0, 130, 64, 0
0, 0, 0, 3, 0, 140, 0, 0
0, 0, 196, 32, 0, 24, 132, 0
0, 0, 2, 14, 0, 50, 2, 0
0, 6, 6, 192, 0, 184, 12, 7
0, 0, 0, 195, 0, 100, 0, 0
0, 0, 72, 1, 0, 134, 192, 0
0, 0, 0, 3, 0, 140, 0, 0
0, 0, 132, 96, 0, 24, 134, 0
0, 0, 6, 30, 0, 34, 6, 0
0, 6, 6, 192, 0, 177, 12, 0
0, 0, 0, 128, 0, 156, 0, 15
0, 0, 32, 225, 0, 38, 32, 240
0, 0, 66, 48, 0, 140, 194, 0
1, 6, 7, 15, 120, 14, 7, 224
0, 0, 0, 0, 0, 0, 0, 0
0, 0, 0, 0, 0, 0, 0, 0
0, 0, 0, 0, 0, 0, 0, 0
0, 0, 0, 0, 0, 0, 0, 0
0, 0, 0, 0, 0, 0, 0, 0
0, 0, 0, 0, 0, 0, 0, 0
0, 0, 0, 0, 0, 0, 0, 0
0, 0, 0, 0, 0, 0, 0, 0
0, 0, 0, 0, 0, 0, 0, 0
0, 0, 0, 0, 0, 0, 0, 0
0, 0, 0, 0, 0, 0, 0, 0
0, 0, 0, 0, 0, 0, 0, 0
224, 224, 224, 224, 224, 27, 15, 17
192, 192, 192, 192, 192, 192, 192, 192
0, 0, 0, 0, 0, 0, 0, 0
0, 0, 0, 0, 0, 0, 0, 0
1, 3, 7, 7, 6, 1, 7, 7
0, 0, 48, 240, 192, 192, 128, 0
0, 0, 0, 0, 0, 0, 0, 0
0, 0, 6, 28, 24, 24, 24, 0
0, 0, 0, 0, 0, 0, 0, 0
15, 3, 3, 3, 3, 3, 3, 3
0, 0, 0, 0, 0, 0, 0, 0
0, 0, 0, 0, 0, 0, 0, 0
0, 0, 0, 0, 0, 0, 0, 0
0, 0, 0, 0, 0, 0, 0, 0
0, 0, 0, 0, 0, 0, 0, 224
0, 0, 0, 0, 0, 0, 0, 0
7, 7, 7, 7, 7, 15, 15, 0
224, 224, 224, 224, 224, 224, 224, 0
0, 0, 0, 0, 0, 0, 0, 0
0, 0, 0, 0, 0, 0, 0, 0
0, 0, 0, 0, 0, 0, 0, 0
0, 0, 0, 0, 0, 0, 0, 0
0, 0, 0, 0, 0, 0, 0, 0
0, 0, 0, 0, 0, 0, 0, 0
0, 0, 0, 0, 0, 0, 0, 0





BANK_PATTERN_2:
0, 0, 0, 0, 0, 0, 0, 0
0, 0, 0, 0, 0, 0, 0, 0
0, 0, 0, 0, 0, 0, 0, 0
0, 0, 0, 0, 0, 0, 0, 0
0, 0, 0, 0, 0, 0, 0, 0
0, 0, 0, 0, 0, 0, 0, 0
0, 0, 0, 0, 0, 0, 0, 0
0, 0, 0, 0, 0, 0, 0, 0
0, 0, 0, 0, 0, 0, 0, 0
0, 0, 0, 0, 0, 0, 0, 0
0, 0, 0, 0, 0, 0, 0, 0
0, 0, 0, 0, 0, 0, 0, 0
0, 0, 0, 0, 0, 0, 0, 0
0, 0, 0, 0, 0, 0, 0, 0
0, 0, 0, 0, 0, 0, 0, 0
0, 0, 0, 0, 0, 0, 0, 0
0, 0, 0, 0, 0, 0, 0, 0
0, 0, 0, 0, 0, 0, 0, 0
0, 0, 0, 0, 0, 0, 0, 0
0, 0, 0, 0, 0, 0, 0, 0
0, 0, 0, 0, 0, 0, 0, 0
0, 0, 0, 0, 0, 0, 0, 0
0, 0, 0, 0, 0, 0, 0, 0
0, 0, 0, 0, 0, 0, 0, 0
0, 0, 0, 0, 0, 0, 0, 0
0, 0, 0, 0, 0, 0, 0, 0
0, 0, 0, 0, 0, 0, 0, 0
0, 0, 0, 0, 0, 0, 0, 0
0, 0, 0, 0, 0, 0, 0, 0
0, 0, 0, 0, 0, 0, 0, 0
0, 0, 0, 0, 0, 0, 0, 0
0, 0, 0, 0, 0, 0, 0, 0
0, 0, 0, 0, 0, 0, 0, 0
0, 0, 0, 0, 0, 0, 0, 0
0, 0, 0, 0, 0, 0, 0, 0
0, 0, 0, 0, 0, 0, 0, 0
0, 0, 0, 0, 0, 0, 0, 0
0, 0, 0, 0, 0, 0, 0, 0
0, 0, 0, 0, 0, 0, 0, 0
0, 0, 0, 0, 0, 0, 0, 0
0, 0, 0, 0, 0, 0, 0, 0
0, 0, 0, 0, 0, 0, 0, 0
0, 0, 0, 0, 0, 0, 0, 0
0, 0, 0, 0, 0, 0, 0, 0
0, 0, 0, 0, 0, 0, 0, 0
0, 0, 0, 0, 0, 0, 0, 0
0, 0, 0, 0, 0, 0, 0, 0
0, 0, 0, 0, 0, 0, 0, 0
0, 0, 0, 0, 0, 0, 0, 0
0, 0, 0, 0, 0, 0, 0, 0
0, 0, 0, 0, 0, 0, 0, 0
0, 0, 0, 0, 0, 0, 0, 0
0, 0, 0, 0, 0, 0, 0, 0
0, 0, 0, 0, 0, 0, 0, 0
0, 0, 0, 0, 0, 0, 0, 0
0, 0, 0, 0, 0, 0, 0, 0
0, 0, 0, 0, 0, 0, 0, 0
0, 0, 0, 0, 0, 0, 0, 0
0, 0, 0, 0, 0, 0, 0, 0
0, 0, 0, 0, 0, 0, 0, 0
0, 0, 0, 0, 0, 0, 0, 0
0, 0, 0, 0, 0, 0, 0, 0
0, 0, 0, 0, 0, 0, 0, 0
0, 0, 0, 0, 0, 0, 0, 0
0, 0, 0, 0, 0, 0, 0, 0
0, 0, 0, 0, 0, 0, 0, 0
0, 0, 0, 0, 0, 0, 0, 0
0, 0, 0, 0, 0, 0, 0, 0
0, 0, 0, 0, 0, 0, 0, 0
0, 0, 0, 0, 0, 0, 0, 0
0, 0, 0, 0, 0, 0, 0, 0
0, 0, 0, 0, 0, 0, 0, 0
0, 0, 0, 0, 0, 0, 0, 0
0, 0, 0, 0, 0, 0, 0, 0
0, 0, 0, 0, 0, 0, 0, 0
0, 0, 0, 0, 0, 0, 0, 0
0, 0, 0, 0, 0, 0, 0, 0
0, 0, 0, 0, 0, 0, 0, 0
0, 0, 0, 0, 0, 0, 0, 0
0, 0, 0, 0, 0, 0, 0, 0
0, 0, 0, 0, 0, 0, 0, 0
0, 0, 0, 0, 0, 0, 0, 0
0, 0, 0, 0, 0, 0, 0, 0
0, 0, 0, 0, 0, 0, 0, 0
0, 0, 0, 0, 0, 0, 0, 0
0, 0, 0, 0, 0, 0, 0, 0
0, 0, 0, 0, 0, 0, 0, 0
0, 0, 0, 0, 0, 0, 0, 0
0, 0, 0, 0, 0, 0, 0, 0
0, 0, 0, 0, 0, 0, 0, 0
0, 0, 0, 0, 0, 0, 0, 0
0, 0, 0, 0, 0, 0, 0, 0
0, 0, 0, 0, 0, 0, 0, 0
0, 0, 0, 0, 0, 0, 0, 0
0, 0, 0, 0, 0, 0, 0, 0
0, 0, 0, 0, 0, 0, 0, 0
0, 0, 0, 0, 0, 0, 0, 0
0, 0, 0, 0, 0, 0, 0, 0
0, 0, 0, 0, 0, 0, 0, 0
0, 0, 0, 0, 0, 0, 0, 0
0, 0, 0, 0, 0, 0, 0, 0
0, 0, 0, 0, 0, 0, 0, 0
0, 0, 0, 0, 0, 0, 0, 0
0, 0, 0, 0, 0, 0, 0, 0
0, 0, 0, 0, 0, 0, 0, 0
0, 0, 0, 0, 0, 0, 0, 0
0, 0, 0, 0, 0, 0, 0, 0
0, 0, 0, 0, 0, 0, 0, 0
0, 0, 0, 0, 0, 0, 0, 0
0, 0, 0, 0, 0, 0, 0, 0
0, 0, 0, 0, 0, 0, 0, 0
0, 0, 0, 0, 0, 0, 0, 0
0, 0, 0, 0, 0, 0, 0, 0
0, 0, 0, 0, 0, 0, 0, 0
0, 0, 0, 0, 0, 0, 0, 0
0, 0, 0, 0, 0, 0, 0, 0
0, 0, 0, 0, 0, 0, 0, 0
0, 0, 0, 0, 0, 0, 0, 0
0, 0, 0, 0, 0, 0, 0, 0
0, 0, 0, 0, 0, 0, 0, 0
0, 0, 0, 0, 0, 0, 0, 0
0, 0, 0, 0, 0, 0, 0, 0
0, 0, 0, 0, 0, 0, 0, 0
0, 0, 0, 0, 0, 0, 0, 0
0, 0, 0, 0, 0, 0, 0, 0
0, 0, 0, 0, 0, 0, 0, 0
0, 0, 0, 0, 0, 0, 0, 0
0, 0, 0, 0, 0, 0, 0, 0
0, 0, 0, 0, 0, 0, 0, 0
0, 0, 0, 0, 0, 0, 0, 0
0, 0, 0, 0, 0, 0, 0, 0
0, 0, 0, 0, 0, 0, 0, 0
0, 0, 0, 0, 0, 0, 0, 0
0, 0, 0, 0, 0, 0, 0, 0
0, 0, 0, 0, 0, 0, 0, 0
0, 0, 0, 0, 0, 0, 0, 0
0, 0, 0, 0, 0, 0, 0, 0
0, 0, 0, 0, 0, 0, 0, 0
0, 0, 0, 0, 0, 0, 0, 0
0, 0, 0, 0, 0, 0, 0, 0
0, 0, 0, 0, 0, 0, 0, 0
0, 0, 0, 0, 0, 0, 0, 0
0, 0, 0, 0, 0, 0, 0, 0
0, 0, 0, 0, 0, 0, 0, 0
0, 0, 0, 0, 0, 0, 0, 0
0, 0, 0, 0, 0, 0, 0, 0
0, 0, 0, 0, 0, 0, 0, 0
0, 0, 0, 0, 0, 0, 0, 0
0, 0, 0, 0, 0, 0, 0, 0
0, 0, 0, 0, 0, 0, 0, 0
0, 0, 0, 0, 0, 0, 0, 0
0, 0, 0, 0, 0, 0, 0, 0
0, 0, 0, 0, 0, 0, 0, 0
0, 0, 0, 0, 0, 0, 0, 0
0, 0, 0, 0, 0, 0, 0, 0
0, 0, 0, 0, 0, 0, 0, 0
0, 0, 0, 0, 0, 0, 0, 0
0, 0, 0, 0, 0, 0, 0, 0
0, 0, 0, 0, 0, 0, 0, 0
0, 0, 0, 0, 0, 0, 0, 0
0, 0, 0, 0, 0, 0, 0, 0
0, 0, 0, 0, 0, 0, 0, 0
0, 0, 0, 0, 0, 0, 0, 0
0, 0, 0, 0, 0, 0, 0, 0
0, 0, 0, 0, 0, 0, 0, 0
0, 0, 0, 0, 0, 0, 0, 0
0, 0, 0, 0, 0, 0, 0, 0
0, 0, 0, 0, 0, 0, 0, 0
0, 0, 0, 0, 0, 0, 0, 0
0, 0, 0, 0, 0, 0, 0, 0
0, 0, 0, 0, 0, 0, 0, 0
0, 0, 0, 0, 0, 0, 0, 0
0, 0, 0, 0, 0, 0, 0, 0
0, 0, 0, 0, 0, 0, 0, 0
0, 0, 0, 0, 0, 0, 0, 0
0, 0, 0, 0, 0, 0, 0, 0
0, 0, 0, 0, 0, 0, 0, 0
0, 0, 0, 0, 0, 0, 0, 0
0, 0, 0, 0, 0, 0, 0, 0
0, 0, 0, 0, 0, 0, 0, 0
0, 0, 0, 0, 0, 0, 0, 0
0, 0, 0, 0, 0, 0, 0, 0
0, 0, 0, 0, 0, 0, 0, 0
0, 0, 0, 0, 0, 0, 0, 0
0, 0, 0, 0, 0, 0, 0, 0
0, 0, 0, 0, 0, 0, 0, 0
0, 0, 0, 0, 0, 0, 0, 0
0, 0, 0, 0, 0, 0, 0, 0
0, 0, 0, 0, 0, 0, 0, 0
0, 0, 0, 0, 0, 0, 0, 0
0, 0, 0, 0, 0, 0, 0, 0
0, 0, 0, 0, 0, 0, 0, 0
0, 0, 0, 0, 0, 0, 0, 0
0, 0, 0, 0, 0, 0, 0, 0
0, 0, 0, 0, 0, 0, 0, 0
0, 0, 0, 0, 0, 0, 0, 0
0, 0, 0, 0, 0, 0, 0, 0
0, 0, 0, 0, 0, 0, 0, 0
0, 0, 0, 0, 0, 0, 0, 0
0, 0, 0, 0, 0, 0, 0, 0
0, 0, 0, 0, 0, 0, 0, 0
0, 0, 0, 0, 0, 0, 0, 0
0, 0, 0, 0, 0, 0, 0, 0
0, 0, 0, 0, 0, 0, 0, 0
0, 0, 0, 0, 0, 0, 0, 0
0, 0, 0, 0, 0, 0, 0, 0
0, 0, 0, 0, 0, 0, 0, 0
0, 0, 0, 0, 0, 0, 0, 0
0, 0, 0, 0, 0, 0, 0, 0
0, 0, 0, 0, 0, 0, 0, 0
0, 0, 0, 0, 0, 0, 0, 0
0, 0, 0, 0, 0, 0, 0, 0
0, 0, 0, 0, 0, 0, 0, 0
0, 0, 0, 0, 0, 0, 0, 0
0, 0, 0, 0, 0, 0, 0, 0
0, 0, 0, 0, 0, 0, 0, 0
0, 0, 0, 0, 0, 0, 0, 0
0, 0, 0, 0, 0, 0, 0, 0
0, 0, 0, 0, 0, 0, 0, 0
0, 0, 0, 0, 0, 0, 0, 0
0, 0, 0, 0, 0, 0, 0, 0
0, 0, 0, 0, 0, 0, 0, 0
0, 0, 0, 0, 0, 0, 0, 0
0, 0, 0, 0, 0, 0, 0, 0
0, 0, 0, 0, 0, 0, 0, 0
0, 0, 0, 0, 0, 0, 0, 0
0, 0, 0, 0, 0, 0, 0, 0
0, 0, 0, 0, 0, 0, 0, 0
0, 0, 0, 0, 0, 0, 0, 0
0, 0, 0, 0, 0, 0, 0, 0
0, 0, 0, 0, 0, 0, 0, 0
0, 0, 0, 0, 0, 0, 0, 0
0, 0, 0, 0, 0, 0, 0, 0
0, 0, 0, 0, 0, 0, 0, 0
0, 0, 0, 0, 0, 0, 0, 0
0, 0, 0, 0, 0, 0, 0, 0
0, 0, 0, 0, 0, 0, 0, 0
0, 0, 0, 0, 0, 0, 0, 0
0, 0, 0, 0, 0, 0, 0, 0
0, 0, 0, 0, 0, 0, 0, 0
0, 0, 0, 0, 0, 0, 0, 0
0, 0, 0, 0, 0, 0, 0, 0
0, 0, 0, 0, 0, 0, 0, 0
0, 0, 0, 0, 0, 0, 0, 0
0, 0, 0, 0, 0, 0, 0, 0
0, 0, 0, 0, 0, 0, 0, 0
0, 0, 0, 0, 0, 0, 0, 0
0, 0, 0, 0, 0, 0, 0, 0
0, 0, 0, 0, 0, 0, 0, 0
0, 0, 0, 0, 0, 0, 0, 0
0, 0, 0, 0, 0, 0, 0, 0
0, 0, 0, 0, 0, 0, 0, 0
0, 0, 0, 0, 0, 0, 0, 0
0, 0, 0, 0, 0, 0, 0, 0
0, 0, 0, 0, 0, 0, 0, 0
0, 0, 0, 0, 0, 0, 0, 0







BANK_COLOR_0:
85, 85, 85, 85, 85, 85, 85, 85
85, 85, 85, 85, 85, 85, 85, 85
85, 85, 85, 85, 85, 85, 85, 85
85, 85, 85, 85, 85, 85, 85, 85
85, 85, 85, 85, 85, 85, 85, 85
85, 85, 85, 85, 85, 85, 85, 85
85, 85, 85, 85, 85, 85, 85, 85
85, 85, 85, 85, 85, 85, 85, 85
85, 85, 85, 85, 85, 85, 85, 85
85, 85, 85, 85, 85, 85, 85, 85
85, 85, 85, 85, 85, 85, 85, 69
85, 85, 85, 85, 85, 85, 85, 85
85, 85, 85, 85, 85, 85, 85, 85
85, 85, 85, 85, 85, 85, 85, 85
85, 85, 85, 85, 85, 85, 85, 85
85, 85, 85, 85, 85, 85, 85, 85
85, 85, 85, 85, 85, 85, 85, 85
85, 85, 85, 85, 85, 85, 85, 85
85, 85, 85, 85, 85, 85, 85, 85
85, 85, 85, 85, 85, 85, 85, 85
85, 85, 85, 85, 85, 85, 85, 85
85, 85, 85, 85, 85, 85, 85, 69
85, 85, 85, 85, 85, 85, 85, 85
85, 85, 85, 85, 85, 85, 85, 85
85, 85, 85, 85, 85, 85, 85, 85
85, 85, 85, 85, 85, 85, 85, 85
85, 85, 85, 85, 85, 85, 85, 85
85, 85, 85, 85, 85, 85, 85, 85
85, 85, 85, 85, 85, 85, 85, 85
85, 85, 85, 85, 85, 85, 85, 85
85, 85, 85, 85, 85, 85, 85, 85
85, 85, 85, 85, 85, 85, 85, 85
85, 85, 85, 85, 85, 85, 85, 85
85, 85, 85, 85, 85, 85, 85, 85
85, 85, 85, 85, 85, 85, 85, 85
85, 85, 85, 85, 85, 85, 85, 85
85, 85, 85, 85, 85, 85, 85, 85
85, 85, 85, 85, 229, 245, 229, 229
85, 85, 85, 85, 78, 95, 78, 78
85, 85, 85, 85, 94, 245, 78, 78
85, 85, 85, 85, 228, 245, 228, 228
85, 85, 85, 85, 94, 95, 222, 222
85, 85, 85, 85, 85, 85, 85, 85
85, 85, 85, 85, 85, 85, 85, 85
85, 85, 85, 85, 85, 85, 85, 85
85, 85, 85, 85, 85, 85, 85, 85
85, 85, 85, 85, 85, 85, 85, 85
85, 85, 85, 85, 85, 85, 85, 85
85, 85, 85, 85, 85, 85, 85, 85
85, 85, 85, 85, 85, 85, 85, 85
85, 85, 85, 85, 85, 85, 85, 85
85, 85, 85, 85, 85, 85, 85, 85
85, 85, 85, 85, 85, 85, 85, 85
85, 85, 85, 85, 85, 85, 85, 85
85, 85, 85, 85, 78, 245, 78, 78
85, 85, 85, 85, 78, 245, 78, 78
85, 85, 85, 85, 84, 229, 228, 228
85, 85, 85, 85, 94, 239, 94, 222
85, 85, 85, 85, 85, 85, 85, 85
85, 85, 85, 85, 85, 85, 85, 85
85, 85, 85, 85, 85, 85, 85, 85
85, 85, 85, 85, 85, 85, 85, 85
85, 85, 85, 85, 85, 85, 85, 85
85, 85, 85, 85, 85, 85, 85, 85
85, 85, 85, 85, 85, 85, 85, 85
85, 85, 85, 85, 85, 85, 85, 85
85, 85, 85, 85, 85, 85, 85, 85
85, 85, 85, 85, 85, 85, 85, 85
85, 85, 85, 85, 85, 85, 85, 85
229, 229, 229, 229, 94, 94, 94, 94
78, 78, 228, 228, 228, 228, 84, 84
78, 78, 94, 94, 78, 78, 78, 94
84, 228, 228, 228, 228, 228, 84, 84
222, 222, 222, 222, 222, 222, 222, 222
85, 85, 85, 85, 85, 85, 85, 85
85, 85, 85, 85, 85, 85, 85, 85
85, 85, 85, 85, 85, 85, 85, 85
85, 85, 85, 85, 85, 85, 85, 85
85, 85, 85, 85, 85, 85, 85, 85
69, 69, 69, 69, 69, 69, 69, 69
69, 69, 69, 69, 69, 69, 69, 69
69, 69, 69, 69, 84, 84, 69, 84
69, 69, 69, 69, 69, 69, 69, 69
69, 69, 69, 69, 69, 69, 84, 69
69, 69, 69, 69, 69, 69, 69, 69
85, 85, 85, 85, 85, 85, 85, 85
78, 78, 94, 94, 222, 222, 222, 94
78, 228, 228, 228, 228, 228, 228, 228
228, 228, 78, 78, 78, 78, 78, 78
94, 222, 78, 78, 78, 78, 94, 78
197, 197, 197, 213, 213, 197, 197, 213
85, 85, 85, 85, 85, 85, 85, 85
85, 85, 85, 85, 85, 85, 85, 85
85, 85, 85, 85, 85, 85, 85, 85
85, 85, 85, 85, 85, 85, 85, 85
85, 85, 85, 85, 85, 85, 85, 85
85, 85, 85, 85, 85, 85, 85, 85
85, 85, 85, 85, 85, 85, 85, 85
85, 85, 85, 85, 85, 85, 85, 85
85, 85, 85, 85, 85, 85, 85, 85
85, 85, 85, 85, 85, 85, 85, 229
94, 94, 94, 94, 238, 238, 238, 238
228, 228, 212, 84, 212, 228, 228, 228
94, 238, 238, 94, 94, 78, 78, 78
84, 228, 228, 228, 228, 228, 228, 78
222, 222, 222, 222, 222, 222, 222, 222
85, 85, 85, 85, 85, 85, 85, 85
85, 85, 85, 85, 85, 85, 85, 85
85, 85, 85, 85, 85, 85, 85, 85
85, 85, 85, 85, 85, 85, 85, 85
85, 85, 85, 85, 85, 85, 85, 85
85, 85, 85, 85, 85, 85, 85, 85
85, 85, 85, 85, 85, 85, 85, 85
85, 85, 85, 85, 85, 85, 85, 85
85, 85, 85, 85, 85, 85, 85, 85
85, 85, 85, 85, 85, 85, 85, 85
85, 85, 85, 85, 85, 85, 85, 85
85, 85, 85, 85, 85, 85, 85, 85
238, 238, 238, 238, 238, 238, 238, 238
228, 228, 228, 228, 84, 84, 84, 228
94, 78, 78, 78, 78, 94, 94, 238
78, 78, 78, 228, 228, 228, 228, 228
94, 94, 94, 222, 94, 94, 94, 222
85, 85, 85, 85, 85, 85, 85, 85
85, 85, 85, 85, 85, 85, 85, 85
85, 85, 85, 85, 85, 85, 85, 85
85, 85, 85, 85, 85, 85, 85, 85
85, 85, 85, 85, 85, 85, 85, 85
85, 85, 85, 85, 85, 85, 85, 85
85, 85, 85, 85, 85, 85, 85, 85
85, 85, 85, 85, 85, 85, 85, 85
85, 85, 85, 85, 85, 85, 85, 85
229, 229, 229, 229, 213, 229, 213, 229
238, 94, 94, 220, 236, 206, 222, 12
228, 228, 228, 220, 204, 238, 236, 204
78, 78, 78, 204, 204, 206, 206, 204
78, 78, 78, 204, 204, 206, 206, 204
222, 222, 238, 204, 204, 222, 206, 204
68, 77, 222, 204, 204, 206, 236, 204
68, 78, 78, 204, 12, 206, 222, 204
68, 78, 78, 204, 204, 222, 236, 204
68, 238, 238, 204, 204, 206, 206, 204
68, 228, 228, 204, 204, 206, 236, 204
68, 222, 222, 204, 204, 222, 206, 204
68, 222, 222, 204, 204, 222, 206, 204
68, 228, 228, 204, 204, 238, 220, 204
68, 238, 238, 204, 204, 222, 206, 204
68, 228, 78, 204, 204, 222, 206, 204
68, 222, 222, 204, 12, 206, 206, 204
84, 93, 237, 204, 12, 222, 236, 204
238, 238, 238, 204, 204, 206, 222, 204
228, 228, 228, 204, 204, 238, 236, 204
238, 94, 94, 220, 12, 206, 206, 204
228, 84, 228, 204, 204, 206, 206, 204
206, 206, 206, 12, 12, 14, 12, 208
85, 85, 85, 85, 85, 85, 85, 85
85, 85, 85, 85, 85, 85, 85, 85
85, 85, 85, 85, 85, 85, 85, 85
85, 85, 85, 85, 85, 85, 85, 85
85, 85, 85, 85, 85, 85, 85, 85
85, 85, 85, 85, 85, 85, 85, 85
85, 85, 85, 85, 85, 85, 85, 85
85, 85, 85, 85, 85, 85, 85, 85
85, 85, 85, 85, 85, 85, 85, 85
85, 85, 85, 85, 85, 85, 85, 85
192, 92, 213, 85, 85, 85, 85, 85
192, 220, 213, 85, 85, 85, 85, 85
16, 16, 16, 16, 16, 16, 16, 16
12, 220, 93, 69, 69, 69, 69, 69
12, 12, 93, 5, 197, 213, 213, 213
192, 192, 213, 197, 197, 197, 197, 197
12, 192, 221, 85, 85, 85, 85, 85
192, 220, 213, 85, 85, 85, 85, 85
12, 192, 93, 85, 85, 69, 69, 69
192, 192, 93, 85, 85, 85, 85, 85
12, 12, 93, 85, 85, 85, 85, 229
12, 12, 93, 85, 85, 85, 85, 238
12, 192, 213, 85, 85, 213, 213, 238
192, 192, 205, 213, 213, 85, 85, 238
192, 192, 221, 85, 85, 85, 85, 238
192, 192, 205, 213, 213, 213, 213, 238
12, 192, 213, 85, 85, 85, 85, 238
12, 192, 93, 85, 85, 85, 85, 94
12, 192, 80, 5, 5, 5, 5, 5
12, 192, 13, 5, 5, 5, 5, 5
192, 12, 93, 85, 85, 85, 85, 85
12, 220, 69, 85, 85, 85, 85, 85
85, 85, 85, 85, 85, 85, 85, 85
85, 85, 85, 85, 85, 85, 85, 85
85, 85, 85, 85, 85, 85, 85, 85
85, 85, 85, 85, 85, 85, 85, 85
85, 85, 85, 85, 85, 85, 85, 85
85, 85, 85, 85, 85, 85, 85, 85
85, 85, 85, 85, 85, 85, 85, 85
85, 85, 85, 85, 85, 85, 85, 85
85, 85, 85, 85, 85, 85, 85, 85
85, 85, 85, 85, 85, 85, 85, 85
85, 85, 85, 85, 85, 85, 85, 85
85, 85, 85, 85, 85, 85, 85, 85
197, 213, 197, 197, 213, 213, 92, 92
69, 197, 213, 213, 213, 213, 213, 213
213, 213, 213, 205, 197, 213, 213, 94
197, 197, 197, 93, 197, 229, 229, 229
85, 85, 85, 85, 85, 85, 85, 85
85, 85, 85, 85, 85, 85, 85, 85
69, 69, 69, 69, 229, 213, 229, 229
85, 85, 85, 69, 69, 69, 69, 69
229, 229, 229, 229, 229, 229, 229, 229
236, 205, 197, 197, 76, 76, 197, 197
204, 221, 85, 85, 69, 85, 69, 69
204, 221, 85, 85, 85, 85, 85, 85
204, 221, 85, 85, 85, 85, 85, 85
204, 221, 85, 85, 85, 85, 85, 85
204, 221, 85, 85, 85, 85, 85, 85
92, 92, 197, 197, 197, 197, 197, 197
213, 213, 229, 213, 213, 229, 197, 213
5, 5, 197, 5, 5, 197, 213, 197
85, 85, 85, 85, 85, 85, 85, 85
85, 85, 85, 85, 85, 85, 85, 85
85, 85, 85, 85, 85, 85, 85, 85
85, 85, 85, 85, 85, 85, 85, 85
85, 85, 85, 85, 85, 85, 85, 85
85, 85, 85, 85, 85, 85, 85, 85
85, 85, 85, 85, 85, 85, 85, 85
85, 85, 85, 85, 85, 85, 85, 85
85, 85, 85, 85, 85, 85, 85, 85
85, 85, 85, 85, 85, 85, 85, 85
85, 85, 85, 85, 85, 85, 85, 85
85, 85, 85, 85, 85, 85, 85, 85
85, 85, 85, 85, 85, 85, 85, 85
85, 85, 85, 85, 85, 85, 85, 85
213, 197, 197, 213, 213, 197, 92, 197
213, 213, 213, 213, 213, 213, 213, 213
213, 12, 192, 192, 92, 229, 229, 229
213, 213, 5, 197, 213, 69, 69, 69
85, 85, 85, 85, 85, 85, 85, 85
85, 229, 229, 229, 229, 213, 92, 92
229, 229, 229, 94, 206, 94, 12, 220
69, 5, 5, 80, 80, 80, 80, 192
229, 229, 229, 229, 229, 213, 85, 85
197, 197, 197, 206, 236, 220, 85, 85
69, 69, 85, 238, 204, 204, 85, 85
85, 85, 85, 238, 204, 204, 85, 85
85, 85, 85, 238, 204, 204, 85, 85
85, 85, 85, 238, 204, 204, 85, 85
85, 85, 85, 238, 204, 204, 85, 85
197, 197, 197, 236, 92, 92, 85, 85
229, 197, 197, 213, 229, 197, 197, 229
197, 5, 5, 5, 197, 213, 197, 197
85, 85, 85, 85, 85, 85, 85, 85
85, 85, 85, 85, 85, 85, 85, 85
85, 85, 85, 85, 85, 85, 85, 85
85, 85, 85, 85, 85, 85, 85, 85
85, 85, 85, 85, 85, 85, 85, 85
85, 85, 85, 85, 85, 85, 85, 85
85, 85, 85, 85, 85, 85, 85, 85





BANK_COLOR_1:
85, 85, 85, 85, 85, 85, 85, 85
85, 85, 85, 85, 85, 85, 85, 85
85, 85, 85, 85, 85, 85, 85, 85
85, 85, 85, 85, 85, 85, 85, 85
85, 85, 85, 85, 85, 85, 85, 85
85, 85, 85, 85, 85, 85, 85, 85
85, 85, 85, 85, 85, 85, 85, 85
197, 92, 92, 197, 213, 213, 213, 213
213, 213, 213, 213, 213, 213, 213, 213
229, 206, 245, 220, 14, 192, 208, 192
69, 69, 213, 93, 192, 80, 80, 80
85, 85, 85, 85, 85, 85, 85, 85
213, 197, 213, 213, 197, 229, 229, 229
221, 220, 237, 222, 239, 254, 253, 253
0, 0, 0, 192, 208, 208, 224, 224
85, 85, 85, 85, 85, 85, 85, 85
85, 85, 85, 85, 85, 85, 85, 85
85, 85, 85, 85, 85, 85, 85, 85
85, 85, 85, 85, 85, 85, 85, 85
85, 85, 85, 85, 85, 85, 85, 85
85, 85, 85, 85, 85, 85, 85, 85
85, 85, 85, 85, 85, 85, 85, 85
85, 85, 85, 85, 85, 85, 85, 85
213, 197, 213, 213, 197, 213, 213, 229
197, 5, 5, 213, 213, 197, 197, 197
85, 85, 85, 85, 85, 85, 85, 85
85, 85, 85, 85, 85, 85, 85, 85
85, 85, 85, 85, 85, 85, 85, 85
85, 85, 85, 85, 85, 85, 85, 85
85, 85, 85, 85, 85, 85, 85, 85
85, 85, 85, 85, 85, 85, 85, 85
85, 85, 85, 85, 85, 85, 85, 85
85, 85, 85, 85, 85, 85, 85, 85
85, 85, 85, 85, 85, 85, 85, 85
85, 85, 85, 85, 85, 85, 85, 85
85, 85, 85, 85, 85, 85, 85, 85
85, 85, 85, 85, 85, 85, 85, 85
85, 85, 85, 85, 85, 85, 85, 85
85, 85, 85, 85, 85, 85, 85, 85
92, 92, 197, 213, 213, 197, 92, 213
213, 213, 213, 213, 213, 213, 213, 213
93, 85, 85, 85, 85, 85, 85, 85
93, 85, 85, 85, 85, 85, 85, 85
85, 85, 85, 85, 213, 197, 5, 197
245, 245, 93, 192, 220, 13, 13, 14
254, 255, 239, 239, 239, 239, 239, 254
224, 224, 208, 208, 192, 208, 205, 222
85, 69, 208, 80, 192, 205, 205, 222
85, 85, 85, 85, 213, 197, 197, 197
85, 85, 85, 85, 85, 85, 85, 85
85, 85, 85, 85, 85, 85, 85, 85
85, 85, 85, 85, 85, 85, 85, 85
85, 85, 85, 85, 85, 85, 85, 85
85, 85, 85, 85, 85, 85, 85, 85
85, 85, 85, 85, 85, 85, 85, 85
213, 213, 213, 213, 229, 197, 213, 229
197, 197, 5, 5, 197, 213, 197, 197
85, 85, 85, 85, 85, 85, 85, 85
85, 85, 85, 85, 85, 85, 85, 85
85, 85, 85, 85, 85, 85, 85, 85
85, 85, 85, 85, 85, 85, 85, 85
85, 85, 85, 85, 85, 85, 85, 85
85, 85, 85, 85, 85, 85, 85, 85
85, 85, 85, 85, 85, 85, 85, 85
85, 85, 85, 85, 85, 85, 85, 85
85, 85, 85, 85, 85, 85, 85, 85
85, 85, 85, 85, 85, 85, 85, 85
85, 85, 85, 85, 85, 85, 85, 85
85, 85, 85, 85, 85, 85, 85, 85
85, 85, 85, 85, 85, 85, 85, 85
85, 85, 85, 85, 85, 85, 85, 85
197, 197, 213, 213, 197, 92, 197, 197
213, 213, 213, 213, 213, 213, 213, 213
85, 85, 85, 85, 85, 85, 85, 85
85, 85, 85, 85, 85, 85, 85, 85
229, 213, 94, 222, 237, 12, 192, 192
206, 237, 220, 208, 192, 192, 192, 192
254, 206, 238, 238, 206, 222, 12, 222
222, 14, 14, 14, 14, 192, 0, 192
222, 206, 222, 222, 14, 208, 192, 192
213, 213, 197, 192, 92, 13, 208, 12
85, 85, 85, 85, 85, 85, 85, 85
85, 85, 85, 85, 85, 85, 85, 85
85, 85, 85, 85, 85, 85, 85, 85
85, 85, 85, 85, 85, 85, 85, 85
85, 85, 85, 85, 85, 85, 85, 85
85, 85, 85, 85, 85, 85, 85, 85
197, 197, 213, 229, 197, 197, 229, 213
5, 5, 5, 197, 213, 197, 197, 197
85, 85, 85, 85, 85, 85, 85, 85
85, 85, 85, 85, 85, 85, 85, 85
85, 85, 85, 85, 85, 85, 85, 85
85, 85, 85, 85, 85, 85, 85, 85
85, 85, 85, 85, 85, 85, 85, 85
85, 85, 85, 85, 85, 85, 85, 85
85, 85, 85, 85, 85, 85, 85, 85
85, 85, 85, 85, 85, 85, 85, 85
85, 85, 85, 85, 85, 85, 85, 85
85, 85, 85, 85, 85, 85, 85, 85
85, 85, 85, 85, 85, 85, 85, 85
85, 85, 85, 85, 85, 85, 85, 85
85, 85, 85, 85, 85, 85, 85, 85
85, 85, 85, 85, 85, 85, 85, 85
92, 92, 197, 213, 213, 213, 213, 92
213, 213, 213, 213, 213, 213, 213, 213
85, 85, 85, 85, 85, 85, 85, 85
213, 229, 229, 229, 94, 94, 254, 253
192, 208, 224, 208, 237, 224, 208, 208
208, 224, 208, 224, 208, 224, 224, 224
238, 254, 254, 254, 254, 254, 238, 222
192, 14, 14, 14, 222, 237, 237, 224
0, 0, 0, 192, 208, 208, 224, 224
208, 192, 205, 13, 224, 14, 14, 222
197, 213, 197, 5, 197, 205, 237, 205
85, 85, 85, 85, 85, 85, 85, 85
85, 85, 85, 85, 85, 85, 85, 85
229, 245, 245, 229, 5, 229, 94, 229
85, 229, 69, 5, 5, 69, 213, 213
85, 85, 85, 85, 85, 85, 85, 85
197, 213, 213, 229, 213, 213, 229, 213
5, 197, 5, 5, 197, 213, 197, 197
85, 85, 85, 85, 85, 85, 85, 85
85, 85, 85, 85, 85, 85, 85, 85
85, 85, 85, 85, 85, 85, 85, 85
85, 85, 85, 85, 85, 85, 85, 85
85, 85, 85, 85, 85, 85, 85, 85
85, 85, 85, 85, 85, 85, 85, 85
85, 85, 85, 85, 85, 85, 85, 85
85, 85, 85, 85, 85, 85, 85, 85
85, 85, 85, 85, 85, 85, 85, 85
85, 85, 85, 85, 85, 85, 85, 85
85, 85, 85, 85, 85, 85, 85, 85
85, 85, 85, 85, 85, 85, 85, 85
85, 85, 85, 85, 229, 229, 229, 229
69, 224, 224, 208, 224, 192, 208, 192
76, 192, 208, 208, 192, 12, 208, 12
212, 0, 0, 192, 192, 0, 192, 224
212, 208, 224, 208, 205, 237, 237, 205
222, 237, 208, 13, 192, 0, 0, 192
192, 0, 0, 0, 0, 0, 0, 0
208, 0, 0, 0, 0, 0, 208, 206
205, 0, 0, 0, 0, 205, 14, 236
192, 0, 0, 0, 0, 13, 222, 222
208, 0, 0, 0, 0, 192, 208, 208
237, 220, 208, 205, 12, 208, 192, 0
220, 14, 14, 224, 224, 192, 224, 192
68, 208, 208, 224, 236, 205, 220, 220
68, 0, 0, 0, 0, 0, 0, 0
237, 205, 220, 220, 13, 222, 236, 236
77, 224, 224, 224, 224, 208, 12, 192
68, 0, 0, 0, 0, 0, 0, 0
196, 208, 224, 192, 192, 192, 224, 192
4, 192, 192, 192, 208, 192, 192, 0
69, 80, 80, 80, 208, 192, 0, 0
85, 85, 85, 85, 85, 213, 197, 213
85, 85, 85, 85, 85, 85, 85, 85
85, 85, 85, 85, 85, 85, 85, 85
85, 85, 85, 85, 85, 85, 85, 85
85, 85, 85, 85, 85, 85, 85, 85
85, 85, 85, 85, 85, 85, 85, 85
85, 85, 85, 85, 85, 85, 85, 85
85, 85, 85, 85, 85, 85, 85, 85
85, 85, 85, 85, 85, 85, 85, 85
85, 85, 85, 85, 85, 85, 85, 85
85, 85, 85, 85, 85, 85, 229, 229
229, 229, 94, 80, 224, 192, 208, 208
0, 0, 0, 0, 0, 0, 0, 0
0, 0, 0, 0, 0, 0, 0, 0
192, 0, 0, 0, 0, 0, 0, 0
13, 13, 192, 0, 0, 0, 0, 0
208, 208, 208, 192, 0, 0, 0, 0
0, 192, 224, 224, 208, 208, 192, 0
222, 222, 206, 237, 220, 192, 0, 0
208, 208, 208, 13, 12, 192, 0, 0
14, 205, 205, 220, 205, 220, 192, 0
208, 192, 192, 0, 0, 0, 0, 0
0, 0, 0, 0, 0, 0, 0, 0
192, 0, 0, 0, 0, 0, 0, 0
192, 0, 0, 0, 0, 0, 0, 0
0, 0, 0, 0, 0, 0, 0, 0
236, 12, 220, 12, 192, 220, 13, 192
192, 192, 192, 224, 192, 220, 13, 192
0, 0, 0, 0, 0, 0, 0, 0
0, 0, 0, 0, 0, 0, 0, 0
0, 0, 0, 0, 0, 0, 0, 0
0, 0, 0, 0, 0, 0, 0, 0
5, 197, 80, 80, 80, 192, 192, 192
85, 85, 85, 85, 85, 85, 85, 85
85, 85, 85, 85, 85, 85, 85, 85
85, 85, 85, 85, 85, 85, 85, 85
85, 85, 85, 85, 85, 85, 85, 85
85, 85, 85, 85, 85, 85, 85, 85
85, 85, 85, 85, 85, 85, 85, 85
85, 85, 85, 85, 85, 85, 85, 85
85, 85, 85, 85, 85, 85, 85, 85
85, 85, 85, 85, 85, 85, 85, 85
229, 213, 213, 213, 229, 85, 85, 85
192, 236, 222, 222, 12, 192, 93, 213
0, 204, 238, 236, 204, 192, 192, 221
0, 204, 222, 206, 204, 192, 192, 208
0, 204, 222, 206, 204, 192, 192, 205
0, 204, 206, 236, 204, 192, 192, 221
0, 12, 206, 206, 204, 12, 192, 221
0, 204, 238, 236, 204, 192, 0, 13
0, 204, 222, 206, 204, 12, 192, 0
0, 204, 238, 236, 204, 192, 0, 0
0, 204, 222, 206, 204, 12, 192, 0
0, 204, 222, 236, 204, 192, 192, 0
0, 12, 206, 206, 204, 12, 192, 208
0, 204, 238, 220, 204, 192, 0, 221
0, 204, 222, 206, 204, 12, 192, 221
0, 204, 238, 236, 204, 192, 0, 221
0, 204, 206, 206, 204, 12, 192, 221
0, 204, 222, 236, 204, 192, 192, 221
0, 12, 206, 206, 204, 12, 192, 221
0, 204, 238, 236, 204, 12, 0, 13
0, 204, 222, 236, 204, 192, 192, 13
0, 204, 206, 206, 204, 12, 192, 221
192, 12, 14, 206, 208, 12, 208, 213
85, 85, 85, 85, 85, 85, 85, 85
85, 85, 85, 85, 85, 85, 85, 85
85, 85, 85, 85, 85, 85, 85, 85
85, 85, 85, 85, 85, 85, 85, 85
85, 85, 85, 85, 85, 85, 85, 85
85, 85, 85, 85, 85, 85, 85, 68
85, 85, 85, 85, 85, 85, 85, 68
85, 85, 85, 85, 85, 85, 85, 68
85, 85, 85, 85, 85, 85, 85, 68
85, 85, 85, 85, 85, 85, 85, 68
85, 85, 85, 85, 85, 85, 85, 68
85, 85, 85, 85, 85, 85, 85, 68
80, 80, 80, 80, 80, 197, 213, 12
69, 69, 69, 69, 69, 69, 197, 196
85, 85, 85, 85, 85, 85, 85, 68
85, 85, 85, 85, 85, 85, 85, 68
5, 5, 5, 5, 197, 229, 197, 4
0, 0, 208, 208, 224, 208, 192, 0
0, 0, 0, 0, 0, 0, 0, 0
0, 0, 208, 208, 208, 208, 192, 0
0, 0, 0, 0, 0, 0, 0, 0
80, 80, 80, 80, 80, 80, 80, 64
85, 85, 85, 85, 85, 85, 85, 68
85, 85, 85, 85, 85, 85, 85, 68
85, 85, 85, 85, 85, 85, 85, 68
85, 85, 85, 85, 85, 85, 85, 68
85, 85, 85, 85, 85, 85, 85, 64
85, 85, 85, 85, 85, 85, 85, 0
5, 5, 5, 5, 5, 213, 213, 0
5, 5, 5, 5, 5, 5, 4, 0
85, 85, 85, 85, 85, 85, 68, 0
85, 85, 85, 85, 85, 85, 68, 0
85, 85, 85, 85, 85, 85, 68, 0
85, 85, 85, 85, 85, 85, 68, 0
85, 85, 85, 85, 85, 85, 68, 0
85, 85, 85, 85, 85, 85, 68, 0
85, 85, 85, 85, 85, 85, 68, 0



BANK_COLOR_2:
0, 0, 0, 0, 0, 0, 0, 0
0, 0, 0, 0, 0, 0, 0, 0
0, 0, 0, 0, 0, 0, 0, 0
0, 0, 0, 0, 0, 0, 0, 0
0, 0, 0, 0, 0, 0, 0, 0
0, 0, 0, 0, 0, 0, 0, 0
0, 0, 0, 0, 0, 0, 0, 0
0, 0, 0, 0, 0, 0, 0, 0
0, 0, 0, 0, 0, 0, 0, 0
0, 0, 0, 0, 0, 0, 0, 0
0, 0, 0, 0, 0, 0, 0, 0
0, 0, 0, 0, 0, 0, 0, 0
0, 0, 0, 0, 0, 0, 0, 0
0, 0, 0, 0, 0, 0, 0, 0
0, 0, 0, 0, 0, 0, 0, 0
0, 0, 0, 0, 0, 0, 0, 0
0, 0, 0, 0, 0, 0, 0, 0
0, 0, 0, 0, 0, 0, 0, 0
0, 0, 0, 0, 0, 0, 0, 0
0, 0, 0, 0, 0, 0, 0, 0
0, 0, 0, 0, 0, 0, 0, 0
0, 0, 0, 0, 0, 0, 0, 0
0, 0, 0, 0, 0, 0, 0, 0
0, 0, 0, 0, 0, 0, 0, 0
0, 0, 0, 0, 0, 0, 0, 0
0, 0, 0, 0, 0, 0, 0, 0
0, 0, 0, 0, 0, 0, 0, 0
0, 0, 0, 0, 0, 0, 0, 0
0, 0, 0, 0, 0, 0, 0, 0
0, 0, 0, 0, 0, 0, 0, 0
0, 0, 0, 0, 0, 0, 0, 0
0, 0, 0, 0, 0, 0, 0, 0
0, 0, 0, 0, 0, 0, 0, 0
0, 0, 0, 0, 0, 0, 0, 0
0, 0, 0, 0, 0, 0, 0, 0
0, 0, 0, 0, 0, 0, 0, 0
0, 0, 0, 0, 0, 0, 0, 0
0, 0, 0, 0, 0, 0, 0, 0
0, 0, 0, 0, 0, 0, 0, 0
0, 0, 0, 0, 0, 0, 0, 0
0, 0, 0, 0, 0, 0, 0, 0
0, 0, 0, 0, 0, 0, 0, 0
0, 0, 0, 0, 0, 0, 0, 0
0, 0, 0, 0, 0, 0, 0, 0
0, 0, 0, 0, 0, 0, 0, 0
0, 0, 0, 0, 0, 0, 0, 0
0, 0, 0, 0, 0, 0, 0, 0
0, 0, 0, 0, 0, 0, 0, 0
0, 0, 0, 0, 0, 0, 0, 0
0, 0, 0, 0, 0, 0, 0, 0
0, 0, 0, 0, 0, 0, 0, 0
0, 0, 0, 0, 0, 0, 0, 0
0, 0, 0, 0, 0, 0, 0, 0
0, 0, 0, 0, 0, 0, 0, 0
0, 0, 0, 0, 0, 0, 0, 0
0, 0, 0, 0, 0, 0, 0, 0
0, 0, 0, 0, 0, 0, 0, 0
0, 0, 0, 0, 0, 0, 0, 0
0, 0, 0, 0, 0, 0, 0, 0
0, 0, 0, 0, 0, 0, 0, 0
0, 0, 0, 0, 0, 0, 0, 0
0, 0, 0, 0, 0, 0, 0, 0
0, 0, 0, 0, 0, 0, 0, 0
0, 0, 0, 0, 0, 0, 0, 0
0, 0, 0, 0, 0, 0, 0, 0
0, 0, 0, 0, 0, 0, 0, 0
0, 0, 0, 0, 0, 0, 0, 0
0, 0, 0, 0, 0, 0, 0, 0
0, 0, 0, 0, 0, 0, 0, 0
0, 0, 0, 0, 0, 0, 0, 0
0, 0, 0, 0, 0, 0, 0, 0
0, 0, 0, 0, 0, 0, 0, 0
0, 0, 0, 0, 0, 0, 0, 0
0, 0, 0, 0, 0, 0, 0, 0
0, 0, 0, 0, 0, 0, 0, 0
0, 0, 0, 0, 0, 0, 0, 0
0, 0, 0, 0, 0, 0, 0, 0
0, 0, 0, 0, 0, 0, 0, 0
0, 0, 0, 0, 0, 0, 0, 0
0, 0, 0, 0, 0, 0, 0, 0
0, 0, 0, 0, 0, 0, 0, 0
0, 0, 0, 0, 0, 0, 0, 0
0, 0, 0, 0, 0, 0, 0, 0
0, 0, 0, 0, 0, 0, 0, 0
0, 0, 0, 0, 0, 0, 0, 0
0, 0, 0, 0, 0, 0, 0, 0
0, 0, 0, 0, 0, 0, 0, 0
0, 0, 0, 0, 0, 0, 0, 0
0, 0, 0, 0, 0, 0, 0, 0
0, 0, 0, 0, 0, 0, 0, 0
0, 0, 0, 0, 0, 0, 0, 0
0, 0, 0, 0, 0, 0, 0, 0
0, 0, 0, 0, 0, 0, 0, 0
0, 0, 0, 0, 0, 0, 0, 0
0, 0, 0, 0, 0, 0, 0, 0
0, 0, 0, 0, 0, 0, 0, 0
0, 0, 0, 0, 0, 0, 0, 0
0, 0, 0, 0, 0, 0, 0, 0
0, 0, 0, 0, 0, 0, 0, 0
0, 0, 0, 0, 0, 0, 0, 0
0, 0, 0, 0, 0, 0, 0, 0
0, 0, 0, 0, 0, 0, 0, 0
0, 0, 0, 0, 0, 0, 0, 0
0, 0, 0, 0, 0, 0, 0, 0
0, 0, 0, 0, 0, 0, 0, 0
0, 0, 0, 0, 0, 0, 0, 0
0, 0, 0, 0, 0, 0, 0, 0
0, 0, 0, 0, 0, 0, 0, 0
0, 0, 0, 0, 0, 0, 0, 0
0, 0, 0, 0, 0, 0, 0, 0
0, 0, 0, 0, 0, 0, 0, 0
0, 0, 0, 0, 0, 0, 0, 0
0, 0, 0, 0, 0, 0, 0, 0
0, 0, 0, 0, 0, 0, 0, 0
0, 0, 0, 0, 0, 0, 0, 0
0, 0, 0, 0, 0, 0, 0, 0
0, 0, 0, 0, 0, 0, 0, 0
0, 0, 0, 0, 0, 0, 0, 0
0, 0, 0, 0, 0, 0, 0, 0
0, 0, 0, 0, 0, 0, 0, 0
0, 0, 0, 0, 0, 0, 0, 0
0, 0, 0, 0, 0, 0, 0, 0
0, 0, 0, 0, 0, 0, 0, 0
0, 0, 0, 0, 0, 0, 0, 0
0, 0, 0, 0, 0, 0, 0, 0
0, 0, 0, 0, 0, 0, 0, 0
0, 0, 0, 0, 0, 0, 0, 0
0, 0, 0, 0, 0, 0, 0, 0
0, 0, 0, 0, 0, 0, 0, 0
0, 0, 0, 0, 0, 0, 0, 0
0, 0, 0, 0, 0, 0, 0, 0
0, 0, 0, 0, 0, 0, 0, 0
0, 0, 0, 0, 0, 0, 0, 0
0, 0, 0, 0, 0, 0, 0, 0
0, 0, 0, 0, 0, 0, 0, 0
0, 0, 0, 0, 0, 0, 0, 0
0, 0, 0, 0, 0, 0, 0, 0
0, 0, 0, 0, 0, 0, 0, 0
0, 0, 0, 0, 0, 0, 0, 0
0, 0, 0, 0, 0, 0, 0, 0
0, 0, 0, 0, 0, 0, 0, 0
0, 0, 0, 0, 0, 0, 0, 0
0, 0, 0, 0, 0, 0, 0, 0
0, 0, 0, 0, 0, 0, 0, 0
0, 0, 0, 0, 0, 0, 0, 0
0, 0, 0, 0, 0, 0, 0, 0
0, 0, 0, 0, 0, 0, 0, 0
0, 0, 0, 0, 0, 0, 0, 0
0, 0, 0, 0, 0, 0, 0, 0
0, 0, 0, 0, 0, 0, 0, 0
0, 0, 0, 0, 0, 0, 0, 0
0, 0, 0, 0, 0, 0, 0, 0
0, 0, 0, 0, 0, 0, 0, 0
0, 0, 0, 0, 0, 0, 0, 0
0, 0, 0, 0, 0, 0, 0, 0
0, 0, 0, 0, 0, 0, 0, 0
0, 0, 0, 0, 0, 0, 0, 0
0, 0, 0, 0, 0, 0, 0, 0
0, 0, 0, 0, 0, 0, 0, 0
0, 0, 0, 0, 0, 0, 0, 0
0, 0, 0, 0, 0, 0, 0, 0
0, 0, 0, 0, 0, 0, 0, 0
0, 0, 0, 0, 0, 0, 0, 0
0, 0, 0, 0, 0, 0, 0, 0
0, 0, 0, 0, 0, 0, 0, 0
0, 0, 0, 0, 0, 0, 0, 0
0, 0, 0, 0, 0, 0, 0, 0
0, 0, 0, 0, 0, 0, 0, 0
0, 0, 0, 0, 0, 0, 0, 0
0, 0, 0, 0, 0, 0, 0, 0
0, 0, 0, 0, 0, 0, 0, 0
0, 0, 0, 0, 0, 0, 0, 0
0, 0, 0, 0, 0, 0, 0, 0
0, 0, 0, 0, 0, 0, 0, 0
0, 0, 0, 0, 0, 0, 0, 0
0, 0, 0, 0, 0, 0, 0, 0
0, 0, 0, 0, 0, 0, 0, 0
0, 0, 0, 0, 0, 0, 0, 0
0, 0, 0, 0, 0, 0, 0, 0
0, 0, 0, 0, 0, 0, 0, 0
0, 0, 0, 0, 0, 0, 0, 0
0, 0, 0, 0, 0, 0, 0, 0
0, 0, 0, 0, 0, 0, 0, 0
0, 0, 0, 0, 0, 0, 0, 0
0, 0, 0, 0, 0, 0, 0, 0
0, 0, 0, 0, 0, 0, 0, 0
0, 0, 0, 0, 0, 0, 0, 0
0, 0, 0, 0, 0, 0, 0, 0
0, 0, 0, 0, 0, 0, 0, 0
0, 0, 0, 0, 0, 0, 0, 0
0, 0, 0, 0, 0, 0, 0, 0
0, 0, 0, 0, 0, 0, 0, 0
0, 0, 0, 0, 0, 0, 0, 0
0, 0, 0, 0, 0, 0, 0, 0
0, 0, 0, 0, 0, 0, 0, 0
0, 0, 0, 0, 0, 0, 0, 0
0, 0, 0, 0, 0, 0, 0, 0
0, 0, 0, 0, 0, 0, 0, 0
0, 0, 0, 0, 0, 0, 0, 0
0, 0, 0, 0, 0, 0, 0, 0
0, 0, 0, 0, 0, 0, 0, 0
0, 0, 0, 0, 0, 0, 0, 0
0, 0, 0, 0, 0, 0, 0, 0
0, 0, 0, 0, 0, 0, 0, 0
0, 0, 0, 0, 0, 0, 0, 0
0, 0, 0, 0, 0, 0, 0, 0
0, 0, 0, 0, 0, 0, 0, 0
0, 0, 0, 0, 0, 0, 0, 0
0, 0, 0, 0, 0, 0, 0, 0
0, 0, 0, 0, 0, 0, 0, 0
0, 0, 0, 0, 0, 0, 0, 0
0, 0, 0, 0, 0, 0, 0, 0
0, 0, 0, 0, 0, 0, 0, 0
0, 0, 0, 0, 0, 0, 0, 0
0, 0, 0, 0, 0, 0, 0, 0
0, 0, 0, 0, 0, 0, 0, 0
0, 0, 0, 0, 0, 0, 0, 0
0, 0, 0, 0, 0, 0, 0, 0
0, 0, 0, 0, 0, 0, 0, 0
0, 0, 0, 0, 0, 0, 0, 0
0, 0, 0, 0, 0, 0, 0, 0
0, 0, 0, 0, 0, 0, 0, 0
0, 0, 0, 0, 0, 0, 0, 0
0, 0, 0, 0, 0, 0, 0, 0
0, 0, 0, 0, 0, 0, 0, 0
0, 0, 0, 0, 0, 0, 0, 0
0, 0, 0, 0, 0, 0, 0, 0
0, 0, 0, 0, 0, 0, 0, 0
0, 0, 0, 0, 0, 0, 0, 0
0, 0, 0, 0, 0, 0, 0, 0
0, 0, 0, 0, 0, 0, 0, 0
0, 0, 0, 0, 0, 0, 0, 0
0, 0, 0, 0, 0, 0, 0, 0
0, 0, 0, 0, 0, 0, 0, 0
0, 0, 0, 0, 0, 0, 0, 0
0, 0, 0, 0, 0, 0, 0, 0
0, 0, 0, 0, 0, 0, 0, 0
0, 0, 0, 0, 0, 0, 0, 0
0, 0, 0, 0, 0, 0, 0, 0
0, 0, 0, 0, 0, 0, 0, 0
0, 0, 0, 0, 0, 0, 0, 0
0, 0, 0, 0, 0, 0, 0, 0
0, 0, 0, 0, 0, 0, 0, 0
0, 0, 0, 0, 0, 0, 0, 0
0, 0, 0, 0, 0, 0, 0, 0
0, 0, 0, 0, 0, 0, 0, 0
0, 0, 0, 0, 0, 0, 0, 0
0, 0, 0, 0, 0, 0, 0, 0
0, 0, 0, 0, 0, 0, 0, 0
0, 0, 0, 0, 0, 0, 0, 0
0, 0, 0, 0, 0, 0, 0, 0
0, 0, 0, 0, 0, 0, 0, 0
0, 0, 0, 0, 0, 0, 0, 0
0, 0, 0, 0, 0, 0, 0, 0
0, 0, 0, 0, 0, 0, 0, 0
0, 0, 0, 0, 0, 0, 0, 0
